15
-0.4959936235062719 -0.1648303011104747
-0.4767890800505775 -0.3940685916636778
-0.4250884539681379 -0.4616464287616745
0.07815316233611957 -0.4798051416685852
0.2462973438634513 -0.4805475277645025
0.4709175913323812 -0.2880500753298868
0.4377007102013573 0.4358290158545869
0.1161705289186635 0.4780747140553544
-0.06357474677597613 0.4992275210090238
-0.1961388366260928 0.4945704475925961
-0.3364984102887086 0.4712169985018829
-0.4682997450868597 0.2861840774176494
-0.4808584214009889 0.2125113641028399
-0.4830622216528861 0.1732405476954212
-0.4883037442232517 0.0789707485390555
